<?xml version="1.0"?>
<opencv_storage>
<calibration_time>"2017年08月25日 星期五 16时10分53秒"</calibration_time>
<nFrames>20</nFrames>
<flags>0</flags>
<camera_matrix type_id="opencv-matrix">
  <rows>3</rows>
  <cols>3</cols>
  <dt>d</dt>
  <data>
    1.8007774953900914e+03 -8.5329418521975586e-01
    6.5704201742788507e+02 0. 1.8003399460937724e+03
    4.8929848095185815e+02 0. 0. 1.</data></camera_matrix>
<distortion_coefficients type_id="opencv-matrix">
  <rows>1</rows>
  <cols>4</cols>
  <dt>d</dt>
  <data>
    1.9559395749724204e+00 7.0073673021122488e+01
    -5.6364854184045750e-03 4.5020362670543683e-03</data></distortion_coefficients>
<xi>5.1087668378229179e+00</xi>
<used_imgs>
  "./image/0.jpg" "./image/8.jpg" "./image/10.jpg" "./image/11.jpg"
  "./image/12.jpg" "./image/13.jpg" "./image/15.jpg" "./image/18.jpg"
  "./image/19.jpg" "./image/21.jpg" "./image/26.jpg" "./image/27.jpg"
  "./image/30.jpg" "./image/32.jpg" "./image/33.jpg" "./image/34.jpg"
  "./image/35.jpg" "./image/36.jpg" "./image/37.jpg" "./image/39.jpg"</used_imgs>
<extrinsic_parameters type_id="opencv-matrix">
  <rows>20</rows>
  <cols>6</cols>
  <dt>d</dt>
  <data>
    3.0770052224771877e-01 5.8034544926579756e-01 1.4825253160680787e+00
    1.8947445543992677e+02 1.3287495681004145e+02 5.7679685372786059e+02
    1.6105401138338893e-01 7.4823962182096485e-02 9.2967864908631670e-01
    2.6107755389369856e+02 -2.1865615204659284e+02
    8.7673941898481417e+02 -2.8023708680585235e-01
    6.8301912960181788e-01 2.3672441131260125e+00 2.9030615260737272e+02
    6.3107144274612801e+02 9.8425523442431495e+02
    -4.3249394070699498e-02 7.5425390389468661e-01
    1.9447478736442827e+00 4.1890220105121551e+02 3.6899592065368461e+02
    6.1610402771765939e+02 -2.4111620331984224e-01
    1.1655541665683273e+00 2.5000310400184644e+00 1.4485410650397691e+02
    4.1667056268498482e+02 6.4055975845861326e+02 4.7683663697983347e-01
    -7.7949840906471710e-02 1.8066108064680380e+00
    2.9883210198332762e+02 9.0243372437612280e+01 8.1233765109171873e+02
    6.9575754423302438e-01 -2.3350506880673214e-01
    5.9428341419985553e-01 -1.0880594358811805e+02
    -2.4701831770017216e+02 5.1026807007534552e+02
    2.1716941073300233e-01 -5.9943848467473959e-01
    -1.7081559616879767e+00 -5.6543939242693648e+02
    3.3739556009529565e+02 8.5858425127540784e+02
    -3.5245632284374401e-03 -7.2341586809206559e-01
    -2.1839249018490348e+00 -2.8717814717012641e+02
    6.3307791082619929e+02 9.1034571151446266e+02 5.7375884594043768e-02
    -3.5195433616331767e-01 -2.1543972792487263e+00
    -3.3970356925053176e+02 3.3075908743161585e+02
    1.1221038992732244e+03 -4.4116893136927116e-01
    -3.5713656788851378e-01 -1.6260131857649291e+00
    1.7489783037874037e+01 7.5615999005776348e+02 8.8423108467163684e+02
    -5.4161072640814556e-01 -7.4591630917540375e-01
    -2.6038211506869797e+00 5.7251567930822807e+02
    7.9769345539787503e+02 6.7930273551098162e+02
    -4.2082609601223775e-01 8.9993914516335233e-02
    -1.7695710533136693e+00 3.6028754552694858e+02
    1.5321498527857833e+02 7.8605844610431905e+02 7.2751493210799700e-01
    6.0375815613882977e-01 1.2618384278202328e+00 6.4438013762170510e+02
    -8.1462861326010241e+01 4.2503025447112651e+02
    9.6099306058313960e-01 1.9610760960415027e-01 8.2024933290520519e-01
    4.3063264315689401e+02 -4.7261485931953325e+02
    4.1390130046333712e+02 7.1497196346748548e-01
    -3.7972765951886361e-01 -8.2469000294849326e-02
    -3.0180614155355289e+02 -4.9975408967555364e+02
    5.1755227505021685e+02 5.7696881879326078e-01
    -6.1819824566038750e-01 -1.0086289880624548e+00
    -5.5465024394955060e+02 2.1703783523238414e+01
    4.9541389156143697e+02 8.7288462975263637e-01
    -4.5594490680352645e-01 -6.0689077778729594e-01
    -3.0973010072437324e+02 -4.1472718044193300e+01
    3.9418060364812351e+02 7.8346297241635610e-01
    -6.4703870304158517e-01 -9.5069665205997722e-01
    -2.9740690154606108e+02 2.8010026872823158e+02
    3.6722444690375437e+02 -2.1594400147455553e-01
    -1.5843002564682023e+00 -2.5653112675233367e+00
    9.4760635006629784e+01 6.7399108960851515e+02 3.6416505121389645e+02</data></extrinsic_parameters>
<rms>1.9173367900769059e-01</rms>
